[gd_scene load_steps=2 format=3 uid="uid://c1vpl0x0rsk6y"]

[ext_resource type="PackedScene" uid="uid://dl2l4uavftjrn" path="res://src/scene/prefab/window/WindowFull.tscn" id="1"]

[node name="RoomSkin6" type="Node3D"]

[node name="OmniLight" type="OmniLight3D" parent="."]
transform = Transform3D(1, 0, 0, 0, 1, 0, 0, 0, 1, 0, 16.3772, -1.57141)
light_energy = 3.21
omni_range = 66.0
omni_attenuation = 3.249

[node name="WindowFull" parent="." instance=ExtResource("1")]
transform = Transform3D(1, 0, 0, 0, 1, 0, 0, 0, 1, -3.33945, -4.26061, -13.5649)

[node name="WindowFull2" parent="." instance=ExtResource("1")]
transform = Transform3D(1, 0, 0, 0, 1, 0, 0, 0, 1, 2.93764, -4.26061, -13.5649)

[node name="WindowFull3" parent="." instance=ExtResource("1")]
transform = Transform3D(1, 0, 0, 0, 1, 0, 0, 0, 1, -3.33945, 2.15153, -13.5649)

[node name="WindowFull4" parent="." instance=ExtResource("1")]
transform = Transform3D(1, 0, 0, 0, 1, 0, 0, 0, 1, 2.93764, 2.15153, -13.5649)

[node name="WindowFull5" parent="." instance=ExtResource("1")]
transform = Transform3D(1, 0, 0, 0, 1, 0, 0, 0, 1, -3.33945, 8.55441, -13.5649)

[node name="WindowFull6" parent="." instance=ExtResource("1")]
transform = Transform3D(1, 0, 0, 0, 1, 0, 0, 0, 1, 2.93764, 8.55441, -13.5649)

[node name="WindowFull7" parent="." instance=ExtResource("1")]
transform = Transform3D(1, 0, 0, 0, 1, 0, 0, 0, 1, -3.33945, 14.9494, -13.5649)

[node name="WindowFull8" parent="." instance=ExtResource("1")]
transform = Transform3D(1, 0, 0, 0, 1, 0, 0, 0, 1, 2.93764, 14.9494, -13.5649)

[node name="WindowFull9" parent="." instance=ExtResource("1")]
transform = Transform3D(1, 0, 0, 0, 1, 0, 0, 0, 1, -3.33945, 21.4119, -13.5649)

[node name="WindowFull10" parent="." instance=ExtResource("1")]
transform = Transform3D(1, 0, 0, 0, 1, 0, 0, 0, 1, 2.93764, 21.4119, -13.5649)

[node name="WindowFull11" parent="." instance=ExtResource("1")]
transform = Transform3D(0.258819, 0, 0.965926, 0, 1, 0, -0.965926, 0, 0.258819, -9.19806, -4.26061, -4.20233)

[node name="WindowFull12" parent="." instance=ExtResource("1")]
transform = Transform3D(0.258819, 0, 0.965926, 0, 1, 0, -0.965926, 0, 0.258819, -7.57343, -4.26061, -10.2655)

[node name="WindowFull13" parent="." instance=ExtResource("1")]
transform = Transform3D(0.258819, 0, 0.965926, 0, 1, 0, -0.965926, 0, 0.258819, -9.19806, 2.15153, -4.20233)

[node name="WindowFull14" parent="." instance=ExtResource("1")]
transform = Transform3D(0.258819, 0, 0.965926, 0, 1, 0, -0.965926, 0, 0.258819, -7.57343, 2.15153, -10.2655)

[node name="WindowFull15" parent="." instance=ExtResource("1")]
transform = Transform3D(0.258819, 0, 0.965926, 0, 1, 0, -0.965926, 0, 0.258819, -9.19806, 8.55441, -4.20233)

[node name="WindowFull16" parent="." instance=ExtResource("1")]
transform = Transform3D(0.258819, 0, 0.965926, 0, 1, 0, -0.965926, 0, 0.258819, -7.57343, 8.55441, -10.2655)

[node name="WindowFull17" parent="." instance=ExtResource("1")]
transform = Transform3D(0.258819, 0, 0.965926, 0, 1, 0, -0.965926, 0, 0.258819, -9.19806, 14.9494, -4.20233)

[node name="WindowFull18" parent="." instance=ExtResource("1")]
transform = Transform3D(0.258819, 0, 0.965926, 0, 1, 0, -0.965926, 0, 0.258819, -7.57343, 14.9494, -10.2655)

[node name="WindowFull19" parent="." instance=ExtResource("1")]
transform = Transform3D(0.258819, 0, 0.965926, 0, 1, 0, -0.965926, 0, 0.258819, -9.19806, 21.4119, -4.20233)

[node name="WindowFull20" parent="." instance=ExtResource("1")]
transform = Transform3D(0.258819, 0, 0.965926, 0, 1, 0, -0.965926, 0, 0.258819, -7.57343, 21.4119, -10.2655)

[node name="WindowFull21" parent="." instance=ExtResource("1")]
transform = Transform3D(0.258819, 0, 0.965926, 0, 1, 0, -0.965926, 0, 0.258819, -12.4102, -4.26061, 8.14334)

[node name="WindowFull22" parent="." instance=ExtResource("1")]
transform = Transform3D(0.258819, 0, 0.965926, 0, 1, 0, -0.965926, 0, 0.258819, -10.7856, -4.26061, 2.08014)

[node name="WindowFull23" parent="." instance=ExtResource("1")]
transform = Transform3D(0.258819, 0, 0.965926, 0, 1, 0, -0.965926, 0, 0.258819, -12.4102, 2.15153, 8.14334)

[node name="WindowFull24" parent="." instance=ExtResource("1")]
transform = Transform3D(0.258819, 0, 0.965926, 0, 1, 0, -0.965926, 0, 0.258819, -10.7856, 2.15153, 2.08014)

[node name="WindowFull25" parent="." instance=ExtResource("1")]
transform = Transform3D(0.258819, 0, 0.965926, 0, 1, 0, -0.965926, 0, 0.258819, -12.4102, 8.55441, 8.14334)

[node name="WindowFull26" parent="." instance=ExtResource("1")]
transform = Transform3D(0.258819, 0, 0.965926, 0, 1, 0, -0.965926, 0, 0.258819, -10.7856, 8.55441, 2.08014)

[node name="WindowFull27" parent="." instance=ExtResource("1")]
transform = Transform3D(0.258819, 0, 0.965926, 0, 1, 0, -0.965926, 0, 0.258819, -12.4102, 14.9494, 8.14334)

[node name="WindowFull28" parent="." instance=ExtResource("1")]
transform = Transform3D(0.258819, 0, 0.965926, 0, 1, 0, -0.965926, 0, 0.258819, -10.7856, 14.9494, 2.08014)

[node name="WindowFull29" parent="." instance=ExtResource("1")]
transform = Transform3D(0.258819, 0, 0.965926, 0, 1, 0, -0.965926, 0, 0.258819, -12.4102, 21.4119, 8.14334)

[node name="WindowFull30" parent="." instance=ExtResource("1")]
transform = Transform3D(0.258819, 0, 0.965926, 0, 1, 0, -0.965926, 0, 0.258819, -10.7856, 21.4119, 2.08014)

[node name="WindowFull31" parent="." instance=ExtResource("1")]
transform = Transform3D(0.258819, 0, -0.965926, 0, 1, 0, 0.965926, 0, 0.258819, 10.4068, -4.26061, 2.05618)

[node name="WindowFull32" parent="." instance=ExtResource("1")]
transform = Transform3D(0.258819, 0, -0.965926, 0, 1, 0, 0.965926, 0, 0.258819, 12.0315, -4.26061, 8.11938)

[node name="WindowFull33" parent="." instance=ExtResource("1")]
transform = Transform3D(0.258819, 0, -0.965926, 0, 1, 0, 0.965926, 0, 0.258819, 10.4068, 2.15153, 2.05618)

[node name="WindowFull34" parent="." instance=ExtResource("1")]
transform = Transform3D(0.258819, 0, -0.965926, 0, 1, 0, 0.965926, 0, 0.258819, 12.0315, 2.15153, 8.11938)

[node name="WindowFull35" parent="." instance=ExtResource("1")]
transform = Transform3D(0.258819, 0, -0.965926, 0, 1, 0, 0.965926, 0, 0.258819, 10.4068, 8.55441, 2.05618)

[node name="WindowFull36" parent="." instance=ExtResource("1")]
transform = Transform3D(0.258819, 0, -0.965926, 0, 1, 0, 0.965926, 0, 0.258819, 12.0315, 8.55441, 8.11938)

[node name="WindowFull37" parent="." instance=ExtResource("1")]
transform = Transform3D(0.258819, 0, -0.965926, 0, 1, 0, 0.965926, 0, 0.258819, 10.4068, 14.9494, 2.05618)

[node name="WindowFull38" parent="." instance=ExtResource("1")]
transform = Transform3D(0.258819, 0, -0.965926, 0, 1, 0, 0.965926, 0, 0.258819, 12.0315, 14.9494, 8.11938)

[node name="WindowFull39" parent="." instance=ExtResource("1")]
transform = Transform3D(0.258819, 0, -0.965926, 0, 1, 0, 0.965926, 0, 0.258819, 10.4068, 21.4119, 2.05618)

[node name="WindowFull40" parent="." instance=ExtResource("1")]
transform = Transform3D(0.258819, 0, -0.965926, 0, 1, 0, 0.965926, 0, 0.258819, 12.0315, 21.4119, 8.11938)

[node name="WindowFull41" parent="." instance=ExtResource("1")]
transform = Transform3D(0.258819, 0, -0.965926, 0, 1, 0, 0.965926, 0, 0.258819, 7.01582, -4.26061, -10.2416)

[node name="WindowFull42" parent="." instance=ExtResource("1")]
transform = Transform3D(0.258819, 0, -0.965926, 0, 1, 0, 0.965926, 0, 0.258819, 8.64045, -4.26061, -4.17837)

[node name="WindowFull43" parent="." instance=ExtResource("1")]
transform = Transform3D(0.258819, 0, -0.965926, 0, 1, 0, 0.965926, 0, 0.258819, 7.01582, 2.15153, -10.2416)

[node name="WindowFull44" parent="." instance=ExtResource("1")]
transform = Transform3D(0.258819, 0, -0.965926, 0, 1, 0, 0.965926, 0, 0.258819, 8.64045, 2.15153, -4.17837)

[node name="WindowFull45" parent="." instance=ExtResource("1")]
transform = Transform3D(0.258819, 0, -0.965926, 0, 1, 0, 0.965926, 0, 0.258819, 7.01582, 8.55441, -10.2416)

[node name="WindowFull46" parent="." instance=ExtResource("1")]
transform = Transform3D(0.258819, 0, -0.965926, 0, 1, 0, 0.965926, 0, 0.258819, 8.64045, 8.55441, -4.17837)

[node name="WindowFull47" parent="." instance=ExtResource("1")]
transform = Transform3D(0.258819, 0, -0.965926, 0, 1, 0, 0.965926, 0, 0.258819, 7.01582, 14.9494, -10.2416)

[node name="WindowFull48" parent="." instance=ExtResource("1")]
transform = Transform3D(0.258819, 0, -0.965926, 0, 1, 0, 0.965926, 0, 0.258819, 8.64045, 14.9494, -4.17837)

[node name="WindowFull49" parent="." instance=ExtResource("1")]
transform = Transform3D(0.258819, 0, -0.965926, 0, 1, 0, 0.965926, 0, 0.258819, 7.01582, 21.4119, -10.2416)

[node name="WindowFull50" parent="." instance=ExtResource("1")]
transform = Transform3D(0.258819, 0, -0.965926, 0, 1, 0, 0.965926, 0, 0.258819, 8.64045, 21.4119, -4.17837)

[node name="WindowFull51" parent="." instance=ExtResource("1")]
transform = Transform3D(1, -3.2398e-08, 2.98023e-08, -2.98023e-08, -4.2222e-08, 1, -3.2398e-08, -1, -4.2222e-08, 3.07927, -7.52314, 15.1401)

[node name="WindowFull52" parent="." instance=ExtResource("1")]
transform = Transform3D(1, -3.2398e-08, 2.98023e-08, -2.98023e-08, -4.2222e-08, 1, -3.2398e-08, -1, -4.2222e-08, 9.35636, -7.52314, 15.1401)

[node name="WindowFull53" parent="." instance=ExtResource("1")]
transform = Transform3D(1, -3.2398e-08, 2.98023e-08, -2.98023e-08, -4.2222e-08, 1, -3.2398e-08, -1, -4.2222e-08, 3.07927, -7.52314, 8.72799)

[node name="WindowFull54" parent="." instance=ExtResource("1")]
transform = Transform3D(1, -3.2398e-08, 2.98023e-08, -2.98023e-08, -4.2222e-08, 1, -3.2398e-08, -1, -4.2222e-08, 9.35636, -7.52314, 8.72799)

[node name="WindowFull55" parent="." instance=ExtResource("1")]
transform = Transform3D(1, -3.2398e-08, 2.98023e-08, -2.98023e-08, -4.2222e-08, 1, -3.2398e-08, -1, -4.2222e-08, 3.07927, -7.52314, 2.32512)

[node name="WindowFull56" parent="." instance=ExtResource("1")]
transform = Transform3D(1, -3.2398e-08, 2.98023e-08, -2.98023e-08, -4.2222e-08, 1, -3.2398e-08, -1, -4.2222e-08, 9.35636, -7.52314, 2.32512)

[node name="WindowFull57" parent="." instance=ExtResource("1")]
transform = Transform3D(1, -3.2398e-08, 2.98023e-08, -2.98023e-08, -4.2222e-08, 1, -3.2398e-08, -1, -4.2222e-08, 3.07927, -7.52314, -4.06985)

[node name="WindowFull58" parent="." instance=ExtResource("1")]
transform = Transform3D(1, -3.2398e-08, 2.98023e-08, -2.98023e-08, -4.2222e-08, 1, -3.2398e-08, -1, -4.2222e-08, 9.35636, -7.52314, -4.06985)

[node name="WindowFull59" parent="." instance=ExtResource("1")]
transform = Transform3D(1, -3.2398e-08, 2.98023e-08, -2.98023e-08, -4.2222e-08, 1, -3.2398e-08, -1, -4.2222e-08, 3.07927, -7.52314, -10.5324)

[node name="WindowFull60" parent="." instance=ExtResource("1")]
transform = Transform3D(1, -3.2398e-08, 2.98023e-08, -2.98023e-08, -4.2222e-08, 1, -3.2398e-08, -1, -4.2222e-08, 9.35636, -7.52314, -10.5324)

[node name="WindowFull61" parent="." instance=ExtResource("1")]
transform = Transform3D(1, -3.2398e-08, 2.98023e-08, -2.98023e-08, -4.2222e-08, 1, -3.2398e-08, -1, -4.2222e-08, -9.67711, -7.43056, 15.1401)

[node name="WindowFull62" parent="." instance=ExtResource("1")]
transform = Transform3D(1, -3.2398e-08, 2.98023e-08, -2.98023e-08, -4.2222e-08, 1, -3.2398e-08, -1, -4.2222e-08, -3.40002, -7.43056, 15.1401)

[node name="WindowFull63" parent="." instance=ExtResource("1")]
transform = Transform3D(1, -3.2398e-08, 2.98023e-08, -2.98023e-08, -4.2222e-08, 1, -3.2398e-08, -1, -4.2222e-08, -9.67711, -7.43056, 8.72799)

[node name="WindowFull64" parent="." instance=ExtResource("1")]
transform = Transform3D(1, -3.2398e-08, 2.98023e-08, -2.98023e-08, -4.2222e-08, 1, -3.2398e-08, -1, -4.2222e-08, -3.40002, -7.43056, 8.72799)

[node name="WindowFull65" parent="." instance=ExtResource("1")]
transform = Transform3D(1, -3.2398e-08, 2.98023e-08, -2.98023e-08, -4.2222e-08, 1, -3.2398e-08, -1, -4.2222e-08, -9.67711, -7.43056, 2.32512)

[node name="WindowFull66" parent="." instance=ExtResource("1")]
transform = Transform3D(1, -3.2398e-08, 2.98023e-08, -2.98023e-08, -4.2222e-08, 1, -3.2398e-08, -1, -4.2222e-08, -3.40002, -7.43056, 2.32512)

[node name="WindowFull67" parent="." instance=ExtResource("1")]
transform = Transform3D(1, -3.2398e-08, 2.98023e-08, -2.98023e-08, -4.2222e-08, 1, -3.2398e-08, -1, -4.2222e-08, -9.67711, -7.43056, -4.06985)

[node name="WindowFull68" parent="." instance=ExtResource("1")]
transform = Transform3D(1, -3.2398e-08, 2.98023e-08, -2.98023e-08, -4.2222e-08, 1, -3.2398e-08, -1, -4.2222e-08, -3.40002, -7.43056, -4.06985)

[node name="WindowFull69" parent="." instance=ExtResource("1")]
transform = Transform3D(1, -3.2398e-08, 2.98023e-08, -2.98023e-08, -4.2222e-08, 1, -3.2398e-08, -1, -4.2222e-08, -9.67711, -7.43056, -10.5324)

[node name="WindowFull70" parent="." instance=ExtResource("1")]
transform = Transform3D(1, -3.2398e-08, 2.98023e-08, -2.98023e-08, -4.2222e-08, 1, -3.2398e-08, -1, -4.2222e-08, -3.40002, -7.43056, -10.5324)

[node name="WindowFull71" parent="." instance=ExtResource("1")]
transform = Transform3D(1, -3.2398e-08, 2.98023e-08, -2.98023e-08, -4.2222e-08, 1, -3.2398e-08, -1, -4.2222e-08, -9.67711, 25.035, 15.1401)

[node name="WindowFull72" parent="." instance=ExtResource("1")]
transform = Transform3D(1, -3.2398e-08, 2.98023e-08, -2.98023e-08, -4.2222e-08, 1, -3.2398e-08, -1, -4.2222e-08, -3.40002, 25.035, 15.1401)

[node name="WindowFull73" parent="." instance=ExtResource("1")]
transform = Transform3D(1, -3.2398e-08, 2.98023e-08, -2.98023e-08, -4.2222e-08, 1, -3.2398e-08, -1, -4.2222e-08, -9.67711, 25.035, 8.72799)

[node name="WindowFull74" parent="." instance=ExtResource("1")]
transform = Transform3D(1, -3.2398e-08, 2.98023e-08, -2.98023e-08, -4.2222e-08, 1, -3.2398e-08, -1, -4.2222e-08, -3.40002, 25.035, 8.72799)

[node name="WindowFull75" parent="." instance=ExtResource("1")]
transform = Transform3D(1, -3.2398e-08, 2.98023e-08, -2.98023e-08, -4.2222e-08, 1, -3.2398e-08, -1, -4.2222e-08, -9.67711, 25.035, 2.32512)

[node name="WindowFull76" parent="." instance=ExtResource("1")]
transform = Transform3D(1, -3.2398e-08, 2.98023e-08, -2.98023e-08, -4.2222e-08, 1, -3.2398e-08, -1, -4.2222e-08, -3.40002, 25.035, 2.32512)

[node name="WindowFull77" parent="." instance=ExtResource("1")]
transform = Transform3D(1, -3.2398e-08, 2.98023e-08, -2.98023e-08, -4.2222e-08, 1, -3.2398e-08, -1, -4.2222e-08, -9.67711, 25.035, -4.06985)

[node name="WindowFull78" parent="." instance=ExtResource("1")]
transform = Transform3D(1, -3.2398e-08, 2.98023e-08, -2.98023e-08, -4.2222e-08, 1, -3.2398e-08, -1, -4.2222e-08, -3.40002, 25.035, -4.06985)

[node name="WindowFull79" parent="." instance=ExtResource("1")]
transform = Transform3D(1, -3.2398e-08, 2.98023e-08, -2.98023e-08, -4.2222e-08, 1, -3.2398e-08, -1, -4.2222e-08, -9.67711, 25.035, -10.5324)

[node name="WindowFull80" parent="." instance=ExtResource("1")]
transform = Transform3D(1, -3.2398e-08, 2.98023e-08, -2.98023e-08, -4.2222e-08, 1, -3.2398e-08, -1, -4.2222e-08, -3.40002, 25.035, -10.5324)

[node name="WindowFull81" parent="." instance=ExtResource("1")]
transform = Transform3D(1, -3.2398e-08, 2.98023e-08, -2.98023e-08, -4.2222e-08, 1, -3.2398e-08, -1, -4.2222e-08, 2.93242, 25.035, 15.1401)

[node name="WindowFull82" parent="." instance=ExtResource("1")]
transform = Transform3D(1, -3.2398e-08, 2.98023e-08, -2.98023e-08, -4.2222e-08, 1, -3.2398e-08, -1, -4.2222e-08, 9.20951, 25.035, 15.1401)

[node name="WindowFull83" parent="." instance=ExtResource("1")]
transform = Transform3D(1, -3.2398e-08, 2.98023e-08, -2.98023e-08, -4.2222e-08, 1, -3.2398e-08, -1, -4.2222e-08, 2.93242, 25.035, 8.72799)

[node name="WindowFull84" parent="." instance=ExtResource("1")]
transform = Transform3D(1, -3.2398e-08, 2.98023e-08, -2.98023e-08, -4.2222e-08, 1, -3.2398e-08, -1, -4.2222e-08, 9.20951, 25.035, 8.72799)

[node name="WindowFull85" parent="." instance=ExtResource("1")]
transform = Transform3D(1, -3.2398e-08, 2.98023e-08, -2.98023e-08, -4.2222e-08, 1, -3.2398e-08, -1, -4.2222e-08, 2.93242, 25.035, 2.32512)

[node name="WindowFull86" parent="." instance=ExtResource("1")]
transform = Transform3D(1, -3.2398e-08, 2.98023e-08, -2.98023e-08, -4.2222e-08, 1, -3.2398e-08, -1, -4.2222e-08, 9.20951, 25.035, 2.32512)

[node name="WindowFull87" parent="." instance=ExtResource("1")]
transform = Transform3D(1, -3.2398e-08, 2.98023e-08, -2.98023e-08, -4.2222e-08, 1, -3.2398e-08, -1, -4.2222e-08, 2.93242, 25.035, -4.06985)

[node name="WindowFull88" parent="." instance=ExtResource("1")]
transform = Transform3D(1, -3.2398e-08, 2.98023e-08, -2.98023e-08, -4.2222e-08, 1, -3.2398e-08, -1, -4.2222e-08, 9.20951, 25.035, -4.06985)

[node name="WindowFull89" parent="." instance=ExtResource("1")]
transform = Transform3D(1, -3.2398e-08, 2.98023e-08, -2.98023e-08, -4.2222e-08, 1, -3.2398e-08, -1, -4.2222e-08, 2.93242, 25.035, -10.5324)

[node name="WindowFull90" parent="." instance=ExtResource("1")]
transform = Transform3D(1, -3.2398e-08, 2.98023e-08, -2.98023e-08, -4.2222e-08, 1, -3.2398e-08, -1, -4.2222e-08, 9.20951, 25.035, -10.5324)
